[
  {
    "entity": "vga_socket",
    "obb": {
      "center": [
        0.5460411981752968,
        2.9635012766847413,
        1.3154986262372694
      ],
      "extent": [
        5.13746904022207,
        2.999708598192414,
        2.166851441373397
      ],
      "rotation": [
        [
          0.9901753524956374,
          -0.1361811775467693,
          -0.031740481913729204
        ],
        [
          0.1334025551780105,
          0.9880291464068396,
          -0.07747363501572609
        ],
        [
          0.04191097209703379,
          0.07247822247094202,
          0.9964890253712454
        ]
      ]
    }
  },
  {
    "entity": "ethernet_socket",
    "obb": {
      "center": [
        0.6578087218637149,
        2.568126200911662,
        1.2944328189772698
      ],
      "extent": [
        2.722147752004183,
        1.7586196296715975,
        1.5785567592398906
      ],
      "rotation": [
        [
          0.7821298916107561,
          -0.26916352219747386,
          -0.5619820557341644
        ],
        [
          0.503841274262799,
          0.8038367960311925,
          0.3162125482891943
        ],
        [
          0.3666289718478154,
          -0.5304690411933171,
          0.7643204781616525
        ]
      ]
    }
  },
  {
    "entity": "power_socket",
    "obb": {
      "center": [
        0.6843338531398107,
        2.0230425963969068,
        0.8116420046992034
      ],
      "extent": [
        1.6125028089415758,
        0.439864131860631,
        0.17010533892709864
      ],
      "rotation": [
        [
          0.6747633828203933,
          -0.697778639752395,
          -0.24041494776755648
        ],
        [
          0.737949670623421,
          0.642813971243168,
          0.2054762322055088
        ],
        [
          0.01116516151087457,
          -0.316061969050193,
          0.9486728471335897
        ]
      ]
    }
  },
  {
    "entity": "hdmi_socket_left",
    "obb": {
      "center": [
        0.39081400868497596,
        2.8356804450681494,
        1.3121696087904984
      ],
      "extent": [
        3.362606496836512,
        2.785802055947492,
        1.9595324070929059
      ],
      "rotation": [
        [
          0.9670613157065479,
          -0.25403768054923126,
          -0.016039592422739044
        ],
        [
          0.2396647191124649,
          0.9299522019815182,
          -0.278836375751926
        ],
        [
          0.08575100044118542,
          0.2658077479888286,
          0.9602046693452619
        ]
      ]
    }
  },
  {
    "entity": "usb_socket_top_right",
    "obb": {
      "center": [
        0.37500733963124977,
        2.7199839576688936,
        1.5672457001411058
      ],
      "extent": [
        3.0733966987292645,
        2.650309576661214,
        1.6994414019010664
      ],
      "rotation": [
        [
          0.8878480401170634,
          -0.3968372878198202,
          0.2329077599739836
        ],
        [
          0.459178297903564,
          0.7967685846482913,
          -0.39282962369447744
        ],
        [
          -0.02968414382587786,
          0.4557192002904508,
          0.8896284966726037
        ]
      ]
    }
  }
]